17 289
0 0 0
0 1 633
0 2 257
0 3 91
0 4 412
0 5 150
0 6 80
0 7 134
0 8 259
0 9 505
0 10 353
0 11 324
0 12 70
0 13 211
0 14 268
0 15 246
0 16 121
1 0 633
1 1 0
1 2 390
1 3 661
1 4 227
1 5 488
1 6 572
1 7 530
1 8 555
1 9 289
1 10 282
1 11 638
1 12 567
1 13 466
1 14 420
1 15 745
1 16 518
2 0 257
2 1 390
2 2 0
2 3 228
2 4 169
2 5 112
2 6 196
2 7 154
2 8 372
2 9 262
2 10 110
2 11 437
2 12 191
2 13 74
2 14 53
2 15 472
2 16 142
3 0 91
3 1 661
3 2 228
3 3 0
3 4 383
3 5 120
3 6 77
3 7 105
3 8 175
3 9 476
3 10 324
3 11 240
3 12 27
3 13 182
3 14 239
3 15 237
3 16 84
4 0 412
4 1 227
4 2 169
4 3 383
4 4 0
4 5 267
4 6 351
4 7 309
4 8 338
4 9 196
4 10 61
4 11 421
4 12 346
4 13 243
4 14 199
4 15 528
4 16 297
5 0 150
5 1 488
5 2 112
5 3 120
5 4 267
5 5 0
5 6 63
5 7 34
5 8 264
5 9 360
5 10 208
5 11 329
5 12 83
5 13 105
5 14 123
5 15 364
5 16 35
6 0 80
6 1 572
6 2 196
6 3 77
6 4 351
6 5 63
6 6 0
6 7 29
6 8 232
6 9 444
6 10 292
6 11 297
6 12 47
6 13 150
6 14 207
6 15 332
6 16 29
7 0 134
7 1 530
7 2 154
7 3 105
7 4 309
7 5 34
7 6 29
7 7 0
7 8 249
7 9 402
7 10 250
7 11 314
7 12 68
7 13 108
7 14 165
7 15 349
7 16 36
8 0 259
8 1 555
8 2 372
8 3 175
8 4 338
8 5 264
8 6 232
8 7 249
8 8 0
8 9 495
8 10 352
8 11 95
8 12 189
8 13 326
8 14 383
8 15 202
8 16 236
9 0 505
9 1 289
9 2 262
9 3 476
9 4 196
9 5 360
9 6 444
9 7 402
9 8 495
9 9 0
9 10 154
9 11 578
9 12 439
9 13 336
9 14 240
9 15 685
9 16 390
10 0 353
10 1 282
10 2 110
10 3 324
10 4 61
10 5 208
10 6 292
10 7 250
10 8 352
10 9 154
10 10 0
10 11 435
10 12 287
10 13 184
10 14 140
10 15 542
10 16 238
11 0 324
11 1 638
11 2 437
11 3 240
11 4 421
11 5 329
11 6 297
11 7 314
11 8 95
11 9 578
11 10 435
11 11 0
11 12 254
11 13 391
11 14 448
11 15 157
11 16 301
12 0 70
12 1 567
12 2 191
12 3 27
12 4 346
12 5 83
12 6 47
12 7 68
12 8 189
12 9 439
12 10 287
12 11 254
12 12 0
12 13 145
12 14 202
12 15 289
12 16 55
13 0 211
13 1 466
13 2 74
13 3 182
13 4 243
13 5 105
13 6 150
13 7 108
13 8 326
13 9 336
13 10 184
13 11 391
13 12 145
13 13 0
13 14 57
13 15 426
13 16 96
14 0 268
14 1 420
14 2 53
14 3 239
14 4 199
14 5 123
14 6 207
14 7 165
14 8 383
14 9 240
14 10 140
14 11 448
14 12 202
14 13 57
14 14 0
14 15 483
14 16 153
15 0 246
15 1 745
15 2 472
15 3 237
15 4 528
15 5 364
15 6 332
15 7 349
15 8 202
15 9 685
15 10 542
15 11 157
15 12 289
15 13 426
15 14 483
15 15 0
15 16 336
16 0 121
16 1 518
16 2 142
16 3 84
16 4 297
16 5 35
16 6 29
16 7 36
16 8 236
16 9 390
16 10 238
16 11 301
16 12 55
16 13 96
16 14 153
16 15 336
16 16 0

// optimal = 2085